 1 46 12
 2 51 4
 3 52 30
 4 80 70
 5 18 90
 6 59 39
 7 23 59
 8 77 48
 9 82 30
 10 18 82
 11 11 41
 12 7 9
 13 88 33
 14 23 88
 15 0 76
 16 85 34
 17 17 46
 18 52 10
 19 13 45
 20 19 85
 21 86 77
 22 54 6
 23 83 32
 24 15 10
 25 53 5
 26 14 42
 27 13 10
 28 57 32
 29 20 85
 30 65 46
 31 61 42
 32 87 52
 33 79 51
 34 25 91
 35 89 34
 36 26 100
 37 0 88
 38 63 43
 39 55 10
 40 23 86
 41 8 18
 42 0 74
 43 20 44
 44 56 7
 45 14 10
 46 88 40
 47 96 38
 48 59 31
 49 22 87
 50 59 36
 51 24 83
 52 83 37
 53 0 37
 54 84 78
 55 27 93
 56 61 12
 57 69 43
 58 54 9
 59 20 98
 60 18 50
 61 25 84
 62 31 69
 63 58 36
 64 0 11
 65 61 36
 66 18 49
 67 57 8
 68 0 49
 69 56 8
 70 62 45
 71 53 10
 72 82 53
 73 21 85
 74 64 41
 75 80 50
 76 16 10